Fuel,AAHWA,ABU ROAD DTO,ADOOR SRTO,AGAR MALWA RTO,AHMEDABAD,AHMEDABAD EAST,AIZAWL DTO,AJMER RTO,AKBARPUR(AMBEDKAR NAGAR),AKLUJ,ALANGUDI UO,ALANGULAM UO,ALAPPUZHA RTO,ALATHUR SRTO,ALIGARH RTO,ALIPORE RTO,ALIPURDUAR RTO,ALIRAJPUR DTO,ALMORA RTO,ALUVA SRTO,ALWAR RTO,AMBALA CITY,AMBASAMUTHIRAM UO,AMBATTUR RTO,AMBEJOGAI,AMBUR UO,AMPATI,AMRAWATI,AMRELI,ANAND,ANANTNAG ARTO,ANDROTH,ANGAMALI SRTO,ANGUL RTO,ANUPPUR DTO,ARAKKONAM UO,ARAMBAG ARTO,ARANI RTO,ARANTHANGI UO,ARARIA,ARAVAKURICHI UO,ARAWAL,ARIYALUR RTO,ARTO BARBIL,ARTO OFFICE RAMPUR,ARUPPUKOTTAI UO,ASHOKNAGAR DTO,ASSANDH,ATHANI ARTO,ATTINGAL RTO,ATTUR RTO,AURAIYA,AURANGABAD,AVINASHI UO,AYODHYA RTO,Adoni RTO,Agra RTO,Ahmedabad (Rural) Bawla ARTO,Amalapuram RTA,Ambikapur RTO,Amethi ARTO,Anakapalli RTA,Anantapur RTA,Azamgarh RTO,BADWANI DTO,BAGALKOT RTO,BAGESHWAR ARTO,BAGHMARA,BAHADURGARH,BAHOUR,BAIKUNTHPUR DTO,BAILHONGAL RTO,BALAGHAT DTO,BALASORE RTO,BALLABGARH,BALOTRA DTO,BANASKANTHA,BANDARTO,BANDIPORA ARTO,BANGAON ARTO,BANKA,BANKURA RTO,BANSWARA DTO,BANTWALA ARTO,BAPATLA RTO OFFICE,BARAMATI,BARAMULLA ARTO,BARAN DTO,BARARA,BARASAT RTO,BARDOLI,BAREILLY,BARGARH RTO,BARMER DTO,BARPETA,BARRACKPORE ARTO,BARUIPUR ARTO,BASAVAKALYAN ARTO,BASIRHAT ARTO,BASKA,BASTI RTO,BATLAGUNDU UO,BAWAL,BEAWAR DTO,BEED,BEGUSARAI,BEHALA ARTO,BELLARY RTO,BENGALURU CENTRAL RTO,BENGALURU EAST RTO,BENGALURU NORTH RTO,BENGALURU SOUTH RTO,BENGALURU WEST RTO,BETTIAH,BETUL DTO,BHABHUA,BHADGAON,BHADRAK RTO,BHAGALPUR,BHALKI ARTO,BHANDARA,BHANJANAGAR RTO,BHARATPUR RTO,BHARUCH,BHAVANI UO,BHAVNAGAR,BHILWARA DTO,BHIND DTO,BHINMAL DTO,BHIWANI,BHIWARI DTO,BHOJPUR,BHOPAL RTO,BHUBANESWAR RTO,BHUBANESWAR-II RTO,BICHOLIM RTO,BIDAR RTO,BIJAPUR RTO,BIKANER RTO,BIRBHUM RTO,BISHNUPUR,BISHNUPUR ARTO,BISWANATH CHARIALI,BOKARO,BOLANGIR RTO,BOLPUR ARTO,BONGAIGAON,BOTAD,BOUDH RTO,BUDGAM ARTO,BULDHANA,BUNDI DTO,BURARI AUTO UNIT,BURARI TAXI UNIT,BURHANPUR DTO,BUXUR,Badaun,Baghpat,Bahraich,Ballia,Balod DTO,Baloda Bazar DTO,Balrampur,Balrampur DTO,Barabanki ARTO,Bemetara DTO,Bhadohi(SANT RAVIDAS NAGAR),Bhimavaram RTA,Bijapur DTO,Bijnor,Bilaspur RTO,Bulandshahar,CACHAR,CANACONA RTO,CHADAYAMANGALA SRTO,CHALAKKUDY SRTO,CHALISGAON,CHAMARAJANAGAR RTO,CHAMPHAI,CHANCHOL ARTO,CHANDAPURA BENGALURU RTO,CHANDIGARH UT (RLA AND STA),CHANDIKHOLE RTO,CHANGANACHERRY SRTO,CHAPARA,CHARAIDEO,CHARKHI DADRI,CHATRA,CHATTARPUR ARTO,CHENGALPATTU RTO,CHENGANNUR SRTO,CHENNAI (CENTRAL RTO,CHENNAI (EAST RTO,CHENNAI (NORTH RTO,CHENNAI (NORTH-EAST RTO,CHENNAI (SOUTH RTO,CHENNAI (SOUTH-EAST RTO,CHENNAI (SOUTH-WEST RTO,CHENNAI (WEST RTO,CHERTHALA SRTO,CHEYYAR UO,CHHATRAPATI SAMBHAJINAGAR,CHHINDWARA ARTO,CHHOTAUDAIPUR,CHICKABALLAPUR RTO,CHIDAMBARAM RTO,CHIKAMANGLUR RTO,CHIKKODI RTO,CHINTAMANI ARTO,CHIRANG,CHITRADURGA RTO,CHITTORGARH RTO,CHITTUR SRTO,CHOMU DTO,CHURU DTO,COIMBATORE (CENTRAL RTO,COIMBATORE (NORTH RTO,COIMBATORE (SOUTH RTO,COIMBATORE (WEST RTO,CONTAI ARTO,COOCHBEHAR RTO,CUDDALORE RTO,CUTTACK RTO,Chandauli,Chintoor,Chirala UO,Chitrakoot,Chittoor RTA,Cuddapah RTA,DABWALI,DAHOD,DAKSHIN DINAJPUR RTO,DAMAN,DAMOH DTO,DANDELI ARTO,DARBHANGA,DARJEELING RTO,DARRANG,DATIA DTO,DAUSA RTO,DAVANAGERE RTO,DEHRADUN RTO,DEOGARH RTO,DEOGHAR,DEORIA,DEVANAHALLI ARTO,DEVIKULAM SRTO,DEWAS DTO,DHALAI DTO,DHANBAD,DHAR ARTO,DHARAPURAM RTO,DHARASHIV,DHARBANDORA RTO,DHARMAPURI RTO,DHARWAD EAST RTO,DHARWAD WEST RTO,DHEMAJI,DHENKANAL RTO,DHOLPUR DTO,DHUBRI,DHULE,DIAMOND HARBOUR ARTO,DIBRUGARH,DIDWANA DTO,DIMA HASAO,DIMAPUR DTO,DINDIGUL RTO,DINDORI DTO,DISTRICT TRANSPORT OFFICE TENGNOUPAL,DIU,DODA ARTO,DTO OFFICE DUMKA,DUDU DTO,DUNGARPUR DTO,DURG RTO,DURGAPORE ARTO,DWARKA,DY REGIONAL TRANSPORT OFFICE HINGOLI,DY RTO RATNAGIRI,Dantewada DTO,Darsi UO,Dhamtari DTO,Dharamavaram unit office,EAST KAMENG,EAST SIANG,EAST SINGHBHUM (JAMSHEDPUR),ELECTRONIC CITY RTO,ELLNABAD,ERNAKULAM RTO,ERODE (WEST RTO,ERODE RTO,Etah,Etawah,FARIDABAD,FATEHABAD,FATHEHPUR,FEROZABAD,FEROZEPUR ZIRKHA,Farrukhabad,GADAG RTO,GADCHIROLI,GAJAPATI RTO,GANAUR,GANDERBAL ARTO,GANDHINAGAR,GANJAM RTO,GARHWA,GAYA,GHATAL ARTO,GHAZIABAD,GINGEE UO,GIRIDIH,GOALPARA,GODDA,GOHANA,GOKAK ARTO,GOLAGHAT,GOMATI DTO,GONDA,GONDHIA,GOPALGANJ,GOPICHETTIPALAYAM RTO,GUDALORE UO,GUDIYATHAM UO,GULHA,GUMLA,GUMMIDIPOONDI UO,GUNA DTO,GURUGRAM SOUTH,GURUVAYUR SRTO,GWALIOR RTO,Gajuwaka RTA,Gariyaband DTO,Gaurela-Pendra-Marwahi DTO,Ghazipur,Gorakhpur RTO,Gudiwada RTA,Gudur RTA,Guntakal UO,Guntur RTA,HAILAKANDI,HALDIA ARTO,HALDWANI RTO,HAMIRPUR(UP),HANSI,HANUMANGARH DTO,HARDA DTO,HARDOI,HARIDWAR ARTO,HARUR UO,HARYANA HEAD OFFICE CHD,HASSAN RTO,HATHIN,HATHRAS,HAVERI RTO,HAZARIBAG,HISAR,HODEL,HOJAI,HONNAVAR ARTO,HOOGHLY RTO,HOSANGABAD DTO,HOSPET RTO,HOSUR RTO,HOWRAH RTO,HUNSUR ARTO,Hapur,Hindupur RTA,I P ESTATE,ICHALKARANJI,IDUKKI RTO,ILLUPPUR UO,IMPHAL EAST,IMPHAL WEST,INDORE RTO,IRINJALAKUDA SRTO,IRITTY SRTO,ISLAMPUR ARTO,ITANAGAR CAPITAL REGION,JABALPUR RTO,JAGADHARI,JAGATPURA JAIPUR ARTO,JAGATSINGHPUR RTO,JAGDALPUR RTO,JAIPUR (FIRST RTO,JAIPUR (SECOND RTO,JAISALMER DTO,JAJPUR RTO,JALANA,JALORE DTO,JALPAIGURI RTO,JAMKHANDI ARTO,JAMMU RTO,JAMNAGAR,JAMTARA,JAMUI,JANAKPURI,JANGAREDDYGUDEM RTA,JANGIPUR ARTO,JAUNPUR,JEHANABAD,JHABUA DTO,JHAJHAR,JHALAWAR DTO,JHARGRAM RTO,JHARSUGUDA RTO,JHUNJHUNU DTO,JIND,JNANABHARATHI RTO,JODHPUR RTO,JORHAT,JOWAI,JPNAGAR,JUNAGADH,Jaggayyapet UO,Janjgir Champa DTO,Jashpur DTO,JhansiRTO,K G F ARTO,KACHCHH,KACHCHH EAST,KAITHAL,KALABURAGI RTO,KALAHANDI RTO,KALAYAT,KALIMPONG RTO,KALLAKURICHI RTO,KALNA ARTO,KALYAN,KALYANI ARTO,KAMRUP,KAMRUP(RURAL),KANCHEEPURAM RTO,KANDI,KANGEYAM UO,KANHANGAD SRTO,KANINA,KANJIRAPPALLY SRTO,KANKER DTO,KANNUR RTO,KANPUR NAGAR,KARAD,KARAIKAL,KARAIKUDI UO,KARANPRAYAG ARTO,KARBI ANGLONG,KARIMGANJ,KARNAL,KAROLI DTO,KARUNAGAPPALLY SRTO,KARUR RTO,KARWAR RTO,KASARGODE RTO,KASBA ARTO,KASHIPUR ARTO,KATHUA RTO,KATIHAR,KATNI ARTO,KATTAKADA SRTO,KATWA ARTO,KAVARATTI,KAWARDHA DTO,KAYAMKULAM SRTO,KAZHAKUTTOM SRTO,KEKRI DTO,KENDRAPARA RTO,KEONJHAR RTO,KHAGARIA,KHAMBHALIYA,KHANDWA ARTO,KHARAGPUR ARTO,KHARGONE ARTO,KHEDA,KHETRI DTO,KHLIEHRIAT,KHORDHA ARTO,KHOWAI DTO,KHUNTI,KISHANGANJ,KISHANGARH DTO,KISHTWAR ARTO,KODERMA,KODUNGALLUR SRTO,KODUVALLY SRTO,KOHIMA RTO,KOILANDY SRTO,KOKRAJHAR,KOLAR RTO,KOLASIB,KOLHAPUR,KOLLAM RTO,KONDAGAON DTO,KONDOTTY SRTO,KONNI SRTO,KOPPAL RTO,KORAPUT RTO,KOSLI,KOTA RTO,KOTDWAR ARTO,KOTHAMANGALAM SRTO,KOTPUTALI DTO,KOTTARAKKARA SRTO,KOTTAYAM RTO,KOVILPATTI RTO,KOZHIKODE RTO,KRISHNAGIRI RTO,KRISHNARAJAPURAM RTO,KULGAM ARTO,KULITHALI UO,KUMARAPALAYAM RTO,KUMBAKONAM RTO,KUNDRATHUR RTO,KUNNATHUR SRTO,KUPWARA ARTO,KUTTANADU SRTO,Kalyandurg RTO office,Kandukur MVI Office,Kannauj,Kanpur Dehat,Kasganj(kashi ram nagar),Kaushambi,Kavali UO,Korba DTO,Kovvuru UO,Kurnool RTA,LADWA,LAKHIMPUR,LAKHIMPUR KHERI,LAKHISARAI,LALKUDI UO,LATEHAR,LEH ARTO,LOHARDAGA,LOHARU,LOHIT,LONGDING,LONI ROAD,LOWER DIBANG VALLEY,LOWER SIANG,LOWER SUBANSIRI,LUNAVADA,LUNGLEI,Lalitpur,MADHEPURA,MADHUBANI,MADHUGIRI TUMAKURU ARTO,MADIKERI RTO,MADURAI (CENTRAL RTO,MADURAI (NORTH RTO,MADURAI (SOUTH RTO,MADURANTAGAM UO,MAHANAGAR ARTO LUCKNOW (UP321),MAHE,MAHENDERGARH,MAIRANG,MAJULI,MALAPPURAM RTO,MALDA RTO,MALEGAON,MALKANAGIRI RTO,MALL ROAD,MALLAPPALLY SRTO,MANANTHAVADY SRTO,MANAPARAI UO,MANBAZAR,MANDLA DTO,MANDSAUR ARTO,MANDYA RTO,MANGALORE RTO,MANMANGALAM UO,MANNARGHAT SRTO,MANNARGUDI UO,MAPUSA RTO,MARGAO RTO,MARTHANDAM RTO,MATHABHANGA ARTO,MATHURA,MATTANCHERRY SRTO,MAVELIKKARA SRTO,MAWKYRWAT,MAYILADUTHURAI RTO,MAYUR VIHAR,MAYURBHANJ RTO,MEENAMBAKKAM RTO,MEERUT RTO,MEHAM,MEHSANA,MELUR UO,METTUPALAYAM RTO,METTUR RTO,MINICOY,MIRZAPUR RTO,MODASA,MORADABAD,MORBI,MORENA DTO,MORIGAON,MOTIHARI,MUMBAI (CENTRAL),MUMBAI (EAST),MUMBAI (WEST),MUNGER,MURSHIDABAD RTO,MUSURI UO,MUVATTUPUZHA RTO,MUZAFFARPUR,MYSURU EAST RTO,MYSURU WEST RTO,Maharajganj,Mahasamund DTO,Mahoba,Mainpuri,Mandapeta UO,Markapur UO,Mau,Mungeli DTO,MuzaffarNagar,NADIA RTO,NAGAMANGALA RTO,NAGAON,NAGAPATTINAM RTO,NAGAUR DTO,NAGERCOIL RTO,NAGPUR (EAST),NAGPUR (RURAL),NAGPUR (U),NALANDA,NALBARI,NAMAKKAL (NORTH RTO,NAMAKKAL (SOUTH RTO,NAMCHI,NAMSAI,NANDED,NANDURBAR,NANMANDA SRTO,NARAINGARH,NARMADA,NARNAUL,NARSINGHPUR DTO,NARWANA,NASHIK,NATHAM UO,NATIONALISED SECTOR(TVPM RTO,NAVSARI,NAWADA,NAWARANGPUR RTO,NAYAGARH RTO,NEDUMANGADU SRTO,NEEMUCH DTO,NELAMANGALA RTO,NEYVELI UO,NEYYATTINKARA SRTO,NILAMBUR SRTO,NIWARI DTO,NOHAR DTO,NOKHA DTO,NONGPOH,NONGSTOIN,NORTH PARUR SRTO,NORTH TRIPURA DTO,NUAPADA RTO,NUH,Nandigama RTA,Nandyal RTA,Narasaraopet RTA,Narayanpur DTO,Narsipatnam MVI Office,Nellore RTA,Noida,Nuzvid UO,ODDANCHATRAM UO,OMALURE UO,OOTY RTO,OTTAPPALAM SRTO,OULGARET,Orai,PADRAUNA(KUSHI NAGAR),PAKUR,PALACODE UO,PALAI SRTO,PALAKKAD RTO,PALAKONDA RTA,PALAMU,PALANI RTO,PALI RTO,PALWAL,PANAJI RTO,PANCHKULA,PANCHMAHAL,PANIPAT,PANNA DTO,PANRUTI UO,PANVEL,PARAMAKUDI UO,PARAMATHI VELLURE UO,PARASSALA SRTO,PARBHANI,PARVATHIPURAM RTO OFFICE,PASCHIM BURDWAN RTO,PASCHIM MIDNAPORE RTO,PATAN,PATAUDI,PATHANAMTHITTA RTO,PATHANAPURAM SRTO,PATNA,PATTAMBI SRTO,PATTUKOTTAI UNIT OFFICE,PAURI RTO,PAYYANNUR SRTO,PEHOWA,PEN (RAIGAD),PERAMBALUR RTO,PERAMBRA SRTO,PERINTHALMANNA SRTO,PERNEM RTO,PERUMBAVUR SRTO,PERUNDURAI RTO,PHALODI DTO,PHALTAN,PHULBANI RTO,PIPAR CITY DTO,PITHORAGARH ARTO,POKHRAN DTO,POLLACHI RTO,PONDA RTO,PONNANI SRTO,POONAMALLEE RTO,POONCH ARTO,PORBANDAR,PRATAPGARH,PRATAPGARH DTO,PUDUCHERRY,PUDUKOTTAI RTO,PULWAMA ARTO,PUNALUR SRTO,PUNE,PUNJAB STA(RAC)/(AITP),PURBA BURDWAN RTO,PURI RTO,PURNEA,PURULIA RTO,PUTTUR RTO,PVD KOLKATA,Paderu RTA,Pakyong,Palakole UO,Piduguralla UO,Pilibhit,Port Blair DTO,Prakasam RTA,Prayagraj RTO,Proddutur RTA,Punganur UO,QUEPEM RTO,R.T.O.BORIVALI,RAGHUNATHPUR ARTO,RAICHUR RTO,RAIRANGPUR ARTO,RAISEN DTO,RAJAPALAYAM UO,RAJGARH DTO,RAJKOT,RAJOURI ARTO,RAJOURI GARDEN,RAJPUR ROAD/VIU BURARI,RAJSAMAND DTO,RAMANAGAR RTO,RAMANATHAPURAM RTO,RAMANATTUKARA (FEROKE SRTO,RAMBAN ARTO,RAMDURGA ARTO,RAMGANJMANDI DTO,RAMGARH,RAMNAGAR ARTO,RAMPURHAT ARTO,RANCHI,RANIBENNUR ARTO,RANIKHET ARTO,RANIPET RTO,RANNI SRTO,RASIPURAM UO,RATIA,RATLAM DTO,RAYGADA RTO,REASI ARTO,REDHILLS RTO,REGIONAL TRANSPORT OFFICE BELAGAVI,REGIONAL TRANSPORT OFFICE RAMPACHODAVARAM,RESUBELPARA,REWA RTO,REWARI,RISHIKESH ARTO,RLA AMB,RLA ANI,RLA ARKI,RLA BADDI,RLA BAIJNATH,RLA BALH,RLA BALICHOWKI,RLA BANGANA,RLA BANJAR,RLA BARSAR,RLA BHORANJ,RLA BILASPUR,RLA CHAMBA,RLA CHURAH,RLA CHUWARI,RLA DALHOUSIE,RLA DEHRA,RLA DHARAMPUR,RLA DHARAMSHALA,RLA DHEERA,RLA FATHEPUR,RLA GAGRET,RLA GHUMARVI,RLA GOHAR,RLA HAMIRPUR,RLA HAROLI,RLA INDORA,RLA JAISINGPUR,RLA JAWALAJI,RLA JAWALI,RLA JHANDUTTA,RLA JOGINDER NAGAR,RLA JUBBAL,RLA KAFFOTA,RLA KALPA,RLA KANDAGHAT,RLA KANGRA,RLA KARSOG,RLA KASAULI,RLA KELANG,RLA KOTKHAI,RLA KOTLI,RLA KULU,RLA KUMARSAIN,RLA KUPVI,RLA MANALI,RLA MANDI,RLA NADAUN,RLA NAGROTA BAGWAN,RLA NAHAN,RLA NALAGARH,RLA NICHAR,RLA NURPUR,RLA PACHHAD,RLA PADDHAR,RLA PALAMPUR,RLA PANGI,RLA PAONTA SAHIB,RLA PARWANOO,RLA RAJGARH,RLA RAMPUR BUSHAR,RLA ROHRU,RLA SARKAGHAT,RLA SHAHPUR,RLA SHILLAI,RLA SHIMLA HP-03/HP-07(URBAN),RLA SHIMLA(RURAL),RLA SHRI NAINA DEVI JI SWARGHAT,RLA SOLAN,RLA SUJANPUR,RLA SUNDARNAGAR,RLA TAURU,RLA THEOG,RLA THUNAG,RLA UDAIPUR,RLA UNA,ROHINI,ROHTAK,ROHTAS,ROORKEE ARTO,ROURKELA RTO,RTA AMBALA,RTA BHIWANI,RTA CHARKI DADRI,RTA Eluru,RTA FARIDABAD,RTA FATEHABAD,RTA GURGAON,RTA HISAR,RTA JHAJJAR AT BAHADURGARH,RTA JIND,RTA KAITHAL,RTA KARNAL,RTA KURUKSHETRA,RTA Kakinada,RTA MACHILIPATNAM,RTA MOHINDERGARH,RTA NUH,RTA PALWAL,RTA PANCHKULA,RTA PANIPAT,RTA REWARI,RTA ROHTAK,RTA SIRSA,RTA SONEPAT,RTA YNR,RTO AHEMEDNAGAR,RTO AKOLA,RTO AMRITSAR,RTO BADDI(NALAGARH),RTO BARNALA,RTO BATHINDA,RTO BILASPUR,RTO CHAMBA,RTO CHANDRAPUR,RTO CHENNAI (NORTH WEST),RTO DHARAMSHALA,RTO FARIDKOT,RTO FATEHGARH SAHIB,RTO FAZILKA,RTO FEROZPUR,RTO GANGTOK,RTO GURDASPUR,RTO HAMIRPUR,RTO HOSHIARPUR,RTO JALANDHAR,RTO JALGAON,RTO KADIRI,RTO KAPURTHALA,RTO KULLU,RTO LATUR,RTO LUDHIANA,RTO MADANAPALLE,RTO MALERKOTLA,RTO MANDI,RTO MANSA,RTO MOGA,RTO MUKTSAR SAHIB,RTO NAHAN,RTO PATHANKOT,RTO PATIALA,RTO PIMPRI CHINCHWAD,RTO RAMPUR,RTO ROPAR,RTO SAHIBZADA AJIT SINGH NAGAR,RTO SANGRUR,RTO SATARA,RTO SBS NAGAR,RTO SHIMLA,RTO SOLAN,RTO SOLAPUR,RTO TARN TARAN,RTO UNA,Raibareilly,Raigarh DTO,Raipur RTO,Rajahmundry RTA,Rajnandgaon ARTO,Ramachandrapuram UO,Ravulapalem UO,Rayachoti MVI Office,SABARKANTHA,SADULSHAHAR DTO,SAFIDON,SAGAR ARTO,SAGAR RTO,SAHAPURA (BHILWARA DTO,SAHAPURA (JAIPUR DTO,SAHARANPUR RTO,SAHARSA,SAHEBGANJ,SAHJAHANPUR,SAKALESHPURA ARTO,SALEM (EAST RTO,SALEM (SOUTH RTO,SALEM (WEST RTO,SALTLAKE ARTO,SALUMBAR DTO,SAMALKHA,SAMASTIPUR,SAMBA ARTO,SAMBALPUR RTO,SANGLI,SANKAGIRI RTO,SANKARANKOVIL RTO,SARAI KALE KHAN,SARAIKELA-KHARSAWAN,SATHYAMANGALAM UO,SATNA ARTO,SAWAI MADHOPUR DTO,SDM ABOHAR,SDM AHMEDGARH,SDM AJNALA,SDM AMARGARH,SDM AMBALA CANTONMENT,SDM AMLOH,SDM AMRITSAR-2,SDM ANANDPUR SAHIB,SDM BABA BAKALA,SDM BADHRA,SDM BADKHAL,SDM BADLI,SDM BADSHAHPUR,SDM BAGHA PURANA,SDM BALACHAUR,SDM BANGA,SDM BARWALA,Total
ELECTRIC BOV,6,85,353,39,7944,3689,491,3038,2607,1263,239,146,1043,558,5900,1265,1021,22,5,1081,3504,180,152,1453,329,170,22,4178,163,1621,137,1,452,956,118,294,74,567,75,2222,155,84,828,13,2012,70,200,45,189,595,482,1315,1611,1286,6655,228,10729,739,446,1776,2184,1053,1111,3381,73,491,4,28,239,195,122,114,300,3504,473,268,1059,3188,34,53,1111,185,248,404,353,2086,174,523,44,1203,504,7825,772,484,4830,781,575,169,1618,1861,2193,163,66,568,1302,2984,566,1182,8581,9198,8707,14864,9215,2542,461,977,367,1285,4173,145,1004,165,1057,1001,1147,846,2715,1462,167,221,451,1444,8519,5859,5853,1375,461,1726,2250,319,5,84,1328,892,1104,87,1515,92,64,176,1017,478,1425,1423,68,1260,3256,1293,3970,4539,366,777,2616,66,3177,515,1069,1065,10,4287,5158,4206,4415,178,274,660,96,333,4,144,1420,5234,461,444,2846,540,100,70,1695,872,195,1240,1027,1550,590,1438,1156,1511,1776,1003,330,6919,1567,74,668,189,748,627,185,1323,1017,899,474,693,726,2178,1843,1320,1556,551,854,341,5927,1273,0,283,1373,1078,822,8,226,228,101,863,78,2607,32,1947,400,1819,1967,3587,51,2294,3840,724,68,1148,1305,3220,286,562,581,117,1417,2492,1360,1208,441,422,2708,1341,362,1458,783,2,7,815,38,0,37,421,809,263,317,5050,1423,6056,454,1124,65,112,775,0,0,0,1863,7941,41,2297,934,1985,1387,1707,598,50,3275,2441,8,1970,538,321,53,51,228,1454,2649,31,5825,206,11959,191,862,3086,1085,153,281,1725,624,3660,1369,1818,836,44,446,15,94,243,717,201,884,6311,1223,42,70,3051,6536,632,124,128,2158,985,144,1511,1445,78,606,157,4937,3014,786,74,2478,53,1636,366,1484,270,65,1835,590,644,865,488,2109,1076,195,1980,409,28,2161,106,310,244,157,11970,948,206,75,27,6372,400,7103,346,448,12989,4270,198,1403,1442,171,485,365,4495,1594,238,1167,10662,388,1420,3800,325,97,150,470,211,558,1612,108,2976,4923,306,78,1674,470,69,619,126,3798,207,864,650,237,2248,410,31,10,868,49,2709,156,5516,3742,633,11,631,448,34,238,100,1147,13971,977,331,454,0,382,1042,537,351,744,629,177,801,827,1472,857,2901,1359,1048,108,3,361,532,978,154,738,1093,896,254,250,1020,263,652,94,35,912,702,150,1719,406,155,469,507,1038,2,642,3246,1054,8,7795,1544,35,1104,173,365,411,47,5241,179,271,685,409,1043,365,3045,1790,4642,18,337,631,658,756,258,20,169,1,2,1339,1780,1024,1759,248,1035,389,1209,25,2020,4124,819,97,20,18,105,20,1,0,6429,1,1,1,51,8,934,1384,1795,102,327,669,989,531,181,2104,52,60,28,155,1075,1171,1775,69,1463,87,143,206,0,302,686,1762,3751,338,340,231,1926,1847,1479,401,4786,668,409,26,259,2806,2254,1192,6075,43,1133,104,657,516,1,1943,188,5076,470,1247,1857,5565,2805,1728,2440,988,5000,309,668,5209,706,6625,2715,241,1071,1655,337,267,2513,166,3841,1040,250,3655,435,871,961,10203,3763,3183,3040,1748,512,627,1,3,2392,406,1140,35,95,143,557,21,7386,53,55,1136,3144,280,492,1294,314,1357,170,1038,812,253,130,131,86,61,1106,1576,146,54,133,487,484,9,414,1553,13660,150,97,705,108,502,1205,1932,3007,353,575,293,944,21,805,175,930,323,986,195,441,649,315,118,2924,83,700,894,982,218,1253,645,518,159,258,131,12921,691,159,1,367,30,1464,229,425,798,488,912,1421,141,562,51,123,8,59,651,1076,703,1858,72,148,4970,149,970,470,56,229,22973,3,346,3559,4067,1777,494,1835,42,2,485,148,2034,46,643,10082,358,143,576,2021,341,986,87,426,197,250,3128,720,4251,8749,626,1188,257,1546,169,66,70,246,236,114,4401,449,2,900,107,350,3,870,304,245,1326,3956,53,20,1931,335,574,40,2,1,4,23,34,2,12,3,10,14,20,4,1,1,2,22,2,46,8,25,28,17,7,15,35,17,8,11,8,3,14,2,1,1,1,34,4,2,1,0,3,28,1,0,7,74,14,41,4,44,1,35,4,5,98,1,38,13,1,2,3,14,18,1,12,10,2,16,2,32,71,3,0,1,74,7723,457,1935,2016,1773,721,426,107,996,1212,334,4559,888,840,479,322,1464,463,2427,534,142,24,392,339,1853,589,727,652,1253,810,4111,1890,4490,12,239,1439,21,4,1459,1112,55,785,55,125,699,4,1382,18,1137,3434,2574,25,391,5,1650,10428,427,294,11,101,560,471,14,296,1888,10913,1,81,1122,539,2479,49,9,18,3988,505,103,3901,1242,11806,1833,1951,158,509,319,529,14,31,355,2075,95,251,4400,1667,471,4279,69,553,599,976,616,45,72,5162,372,1602,3870,898,240,1842,326,628,1579,907,139,24,7,13,279,76,0,16,6,11,628,62,1603,6,7,10,41,1221383
PLUG IN HYBRID EV,0,0,0,0,1,1,0,0,0,0,0,0,0,0,0,0,0,0,0,0,0,0,0,0,0,0,0,0,0,0,0,0,0,0,0,0,0,0,0,0,0,0,0,0,0,0,0,0,0,0,0,0,0,0,0,0,1,0,0,0,0,0,0,0,0,0,0,0,0,0,0,0,0,0,0,0,0,0,0,0,0,0,0,0,0,0,0,0,0,0,0,1,0,0,0,0,0,0,0,0,0,0,0,0,0,0,0,0,0,0,0,0,0,0,0,0,0,0,0,0,0,0,0,0,0,0,0,0,0,0,0,0,0,0,0,0,0,0,0,0,0,0,0,0,0,0,0,0,0,0,0,0,0,0,0,0,0,0,0,0,0,0,0,0,0,0,0,0,0,0,0,0,0,0,0,0,0,0,0,0,0,0,0,0,0,0,0,0,0,2,0,0,0,0,0,0,0,0,0,0,0,0,0,0,0,0,0,0,0,0,0,0,0,0,0,0,0,0,0,0,0,0,0,0,0,0,0,0,0,0,0,0,0,0,0,0,0,0,0,0,0,0,0,0,0,0,0,0,0,0,0,0,0,0,0,0,0,0,0,0,0,0,0,0,0,0,0,0,0,0,0,0,0,0,0,0,0,0,0,0,0,0,0,0,0,0,0,0,0,1,0,0,0,0,0,0,0,0,0,0,0,0,0,0,0,0,0,0,0,0,0,0,0,0,0,0,0,0,0,0,0,0,0,0,0,0,0,0,0,0,0,0,0,0,0,0,0,0,0,0,0,0,0,0,0,0,0,0,0,0,0,0,0,0,0,0,0,0,0,0,0,0,0,0,0,0,0,0,0,0,0,0,0,0,0,0,0,0,0,0,0,0,0,0,0,0,0,0,0,0,0,0,0,0,0,0,0,0,0,0,0,0,0,0,0,0,0,0,0,0,0,0,0,1,0,0,0,0,0,0,0,0,0,0,0,0,0,0,0,0,0,0,0,0,0,0,0,0,0,0,0,3,0,0,0,0,0,0,0,0,0,0,0,0,0,0,0,0,0,0,0,0,0,0,0,0,0,0,0,0,0,0,0,0,0,0,0,0,0,0,0,0,0,0,0,0,0,0,0,0,0,0,0,0,0,0,0,0,0,0,0,0,0,0,0,0,0,0,0,0,0,0,0,0,0,0,0,0,0,1,0,0,0,0,0,0,0,0,0,0,0,0,0,0,0,0,0,0,0,0,0,0,0,0,0,0,0,0,0,0,0,0,0,0,0,0,0,0,0,0,0,0,0,0,0,0,0,0,0,0,0,0,0,0,0,0,0,0,0,0,0,0,0,0,0,0,0,0,0,0,0,0,0,0,1,0,0,0,0,3,1,0,0,0,0,0,0,0,0,0,0,0,0,0,0,0,0,0,0,0,0,0,0,0,1,0,1,0,0,0,0,0,0,0,0,0,0,0,0,0,0,0,0,0,0,0,0,0,0,0,0,0,0,0,0,0,0,0,0,0,0,0,0,0,0,0,0,0,0,1,0,0,0,0,0,1,0,0,0,0,0,0,0,0,0,0,0,0,0,0,0,0,0,0,0,0,0,0,0,0,0,0,0,0,0,0,0,0,0,0,0,0,0,0,0,0,0,0,0,0,0,0,0,0,0,0,0,0,0,0,0,0,1,0,0,0,2,0,0,0,0,0,0,0,0,0,0,0,0,0,0,0,0,0,0,1,0,0,0,0,0,0,0,0,0,0,0,0,0,0,0,0,0,0,0,0,0,0,0,0,0,0,0,0,0,0,0,0,0,0,0,0,0,0,0,0,0,0,0,0,0,0,0,0,0,0,0,0,0,0,0,0,0,0,0,0,0,0,0,0,0,0,0,0,0,0,0,0,0,0,0,0,0,0,0,0,0,0,0,0,0,0,0,1,0,0,0,0,0,0,0,0,0,0,0,0,0,0,0,0,0,0,0,0,0,0,0,0,0,0,0,0,0,0,0,0,0,0,0,0,0,0,0,0,0,0,0,0,0,0,0,0,0,0,0,0,0,0,0,0,0,0,0,0,0,0,0,0,0,0,0,0,0,0,0,0,0,0,0,0,0,0,0,0,0,0,0,0,0,0,0,0,0,0,2,0,0,0,0,0,0,0,0,0,0,0,0,0,0,0,0,0,0,0,0,0,0,0,0,0,0,0,0,0,0,0,0,0,0,1,0,0,0,0,0,0,0,0,0,0,0,0,0,0,0,0,0,0,0,0,0,0,0,0,0,4,0,0,0,0,33
PURE EV,2,36,110,84,4126,1910,46,1482,538,725,69,94,472,261,1356,399,100,30,1,344,1264,155,66,404,247,96,1,2271,113,796,8,0,154,498,54,48,51,137,29,212,88,20,114,1,250,23,443,29,130,263,152,213,362,536,1040,185,5207,430,196,1061,548,491,476,863,173,330,1,0,276,75,133,45,281,1182,234,144,658,269,8,46,63,153,105,154,64,1615,20,408,26,444,193,1135,436,480,146,357,231,101,160,87,332,53,48,405,942,335,177,755,3627,2900,2679,7508,2970,709,410,191,222,637,359,44,787,60,471,315,310,485,869,227,53,289,263,239,3910,2818,1942,278,218,834,1657,104,0,62,192,223,467,77,99,36,57,34,756,266,1,638,97,175,472,279,547,537,107,158,85,7,637,130,309,285,1,1430,1876,871,280,34,108,237,120,206,0,28,346,963,501,200,446,92,100,13,651,296,74,350,198,516,166,526,232,357,624,457,50,3508,990,28,464,95,277,438,121,49,458,722,245,430,315,853,750,487,482,315,222,154,1929,270,1,107,53,430,348,10,214,49,30,508,26,465,0,115,51,234,971,1403,11,211,672,350,16,717,52,599,441,289,411,15,444,1132,641,105,350,125,156,871,84,323,296,0,3,285,9,0,15,18,88,85,128,2504,612,725,378,501,23,40,504,1,0,0,915,2568,25,908,378,793,362,390,257,69,293,793,2,370,269,176,11,50,41,591,1322,13,744,74,2789,38,105,148,108,204,223,114,24,403,1197,381,306,1,146,32,25,61,847,66,411,3264,445,6,22,777,1741,164,67,75,605,28,57,507,82,62,384,150,506,715,141,12,986,24,421,134,348,368,47,130,305,297,891,302,792,370,94,547,128,4,1500,39,80,8,8,6827,377,73,16,7,2970,390,533,265,325,8273,2401,164,475,1290,112,106,265,682,896,46,112,4731,114,112,732,51,42,211,345,70,273,864,85,1064,3309,99,0,274,201,21,518,123,1361,111,585,396,323,797,205,31,0,187,54,1114,97,496,809,249,11,229,197,43,62,178,532,2271,529,146,232,0,39,56,355,39,322,290,74,322,260,207,220,324,456,388,32,0,329,273,382,64,347,422,109,122,211,280,118,395,40,0,260,8,14,62,306,14,168,176,279,1,193,443,550,1,3989,713,23,364,57,352,135,35,1609,43,86,147,187,440,105,968,579,1466,1,71,289,317,215,150,4,67,0,3,287,157,208,161,70,474,144,357,26,234,377,60,52,10,0,15,29,0,0,613,0,0,1,31,1,344,175,140,42,74,305,402,212,39,2340,17,46,0,23,297,117,2135,30,194,49,51,33,0,137,659,613,1132,209,146,69,595,691,476,20,1492,308,150,0,144,549,471,358,2886,46,729,37,324,156,0,684,159,1287,158,341,171,682,794,1827,1130,125,1089,76,217,1104,292,2166,341,216,259,426,135,51,621,66,1152,522,70,510,140,559,402,4870,2215,1756,589,136,283,261,0,0,1374,417,331,52,25,137,615,44,4130,14,0,580,884,82,316,547,449,237,22,321,208,42,72,64,1,1,391,23,17,23,41,246,120,1,236,505,3345,62,36,179,25,204,448,403,511,28,257,132,420,8,245,79,913,248,252,106,268,634,70,20,984,27,284,273,726,57,648,352,545,108,78,56,2978,321,96,0,154,39,447,73,167,220,204,261,495,84,275,30,41,3,24,446,171,265,535,7,83,1011,84,440,193,5,93,11510,0,186,641,438,122,189,684,11,0,175,54,185,18,184,2209,171,56,119,547,89,711,28,530,108,320,1779,62,650,334,387,412,73,537,4,31,66,78,61,60,1625,179,0,262,50,161,4,897,152,19,331,2075,12,0,732,267,171,16,0,0,2,3,11,0,8,0,8,2,10,0,0,0,2,6,1,13,3,1,13,3,0,7,23,3,0,0,0,1,4,0,0,1,1,5,1,1,0,1,1,7,1,0,2,28,10,7,2,19,1,13,2,5,28,0,9,2,0,0,1,5,2,0,3,2,1,5,0,11,28,1,0,0,76,948,490,466,769,998,88,78,23,389,69,6,780,91,29,116,125,85,79,810,195,11,4,32,4,246,48,141,48,199,42,3302,1022,1542,1,408,646,0,0,965,386,0,116,71,193,255,0,462,0,229,971,1662,40,200,0,1128,3057,172,125,0,106,137,138,0,140,601,5566,0,48,236,377,1147,19,2,0,2648,221,1,1058,945,5188,720,718,66,136,125,315,12,31,221,794,43,83,2038,56,24,629,26,304,257,461,338,58,83,526,79,595,2256,306,110,674,61,145,710,287,188,28,13,13,142,72,1,27,5,25,225,40,510,11,11,9,46,418901
STRONG HYBRID EV,0,3,31,0,1032,182,14,52,6,19,3,2,30,13,132,17,3,0,1,70,41,44,5,74,13,3,0,41,16,95,0,0,38,9,0,4,0,9,8,3,3,0,11,3,31,4,3,6,8,31,15,1,2,11,20,5,318,152,7,18,4,18,18,15,0,29,0,0,77,27,0,6,3,28,140,4,61,15,0,1,0,6,16,8,7,46,1,7,2,29,63,136,7,5,2,21,3,2,1,0,14,6,16,8,21,12,30,31,857,959,563,826,457,6,5,1,7,5,12,1,4,1,12,98,4,69,45,1,4,24,28,1,242,227,116,8,12,18,33,3,0,0,0,18,10,2,3,2,0,1,23,8,0,0,7,2,20,29,4,12,1,9,2,2,3,4,9,33,2,44,87,105,4,7,21,40,4,10,0,1,29,874,0,42,1,0,8,0,1,54,27,157,56,48,21,196,118,110,209,34,4,135,11,1,10,8,62,6,3,0,19,21,13,4,2,145,118,107,45,7,3,8,94,8,0,16,5,10,13,6,9,1,59,4,2,9,0,1,1,7,38,214,2,9,23,20,4,1,0,48,0,9,25,0,14,38,46,1,6,2,0,20,4,17,3,2,23,26,0,1,9,0,1,3,3,78,27,516,11,23,0,3,5,0,1,2,58,416,7,379,23,43,10,17,289,12,7,30,0,10,11,3,1,28,0,443,19,0,12,1,1627,0,5,0,0,7,10,3,0,3,22,4,16,8,4,5,2,6,5,20,50,43,20,0,1,10,147,18,12,8,75,0,3,39,2,3,22,2,16,36,3,440,40,2,25,15,15,76,5,0,7,23,1,17,30,32,6,72,15,166,54,4,2,0,22,348,50,12,0,37,77,87,0,3,9,787,124,3,2,27,7,2,15,102,64,0,0,90,11,1,21,0,1,13,4,5,17,23,12,130,185,11,0,26,30,3,14,3,85,21,82,154,24,38,8,0,0,5,1,244,3,214,1,20,0,3,34,1,32,3,54,455,15,12,15,1,0,0,88,0,47,26,9,32,122,19,3,2,12,11,1,0,6,30,51,2,1,12,1,10,3,6,8,29,4,0,9,1,0,0,26,0,1,27,64,9,18,2,36,0,105,124,1,45,12,16,6,1,81,1,40,4,26,98,13,155,18,282,0,1,14,30,31,15,0,8,0,0,14,10,15,5,2,34,12,22,5,1,11,0,7,0,2,0,0,1,2,119,1,0,1,6,0,2,0,4,1,42,36,84,39,9,219,11,10,0,0,59,6,27,4,488,7,16,2,1,2,2,18,174,5,20,7,68,58,31,1,163,29,28,0,8,243,5,87,342,3,125,8,17,5,0,19,18,114,182,2,0,3,1107,571,990,2,1,3,95,23,10,157,15,9,6,7,7,5,11,4,101,4,2,5,12,13,53,96,29,130,1,0,14,21,1,1,34,3,16,5,3,15,6,13,232,2,0,68,0,1,1,24,7,48,5,11,41,0,2,0,0,1,25,1,1,0,3,7,13,2,3,43,2838,4,1,5,22,21,76,10,20,0,3,35,42,0,5,8,22,32,78,106,20,172,1,4,237,3,4,7,18,3,18,8,35,13,23,7,163,33,7,0,11,11,54,12,20,48,10,67,18,2,10,0,2,3,1,30,17,31,108,0,9,2,1,59,36,0,14,1553,49,5,10,10,3,35,327,2,0,9,3,16,18,26,141,10,2,5,632,1,11,0,0,14,0,408,0,1030,0,22,103,20,31,0,4,2,2,5,4,125,10,0,18,16,3,2,6,4,3,38,52,1,0,8,60,14,3,0,8,10,5,0,1,0,0,4,2,16,0,1,0,0,0,1,3,0,1,6,3,0,5,4,1,0,1,1,2,2,2,2,1,0,6,1,3,0,4,3,2,1,1,5,4,2,0,5,53,2,3,1,0,9,2,19,12,0,1,1,1,3,0,10,14,9,15,3,2,3,0,1,0,9,148,73,2,24,16,2,0,0,15,75,0,220,0,0,0,0,0,0,37,7,3,0,2,0,6,17,0,0,0,1,70,25,269,13,13,56,2,0,33,127,2,14,21,11,29,6,39,1,83,302,36,2,37,2,50,903,10,5,4,8,15,17,8,40,125,682,0,13,225,30,52,10,12,9,47,19,3,7,32,273,38,15,2,9,14,42,2,7,16,16,0,1,112,0,2,24,9,19,13,57,145,8,8,1,11,23,102,11,3,42,5,5,9,7,10,1,6,3,28,19,0,3,0,3,202,3,1249,8,2,8,5,47789
Total,8,124,494,123,13103,5782,551,4572,3151,2007,311,242,1545,832,7388,1681,1124,52,7,1495,4809,379,223,1931,589,269,23,6490,292,2512,145,1,644,1463,172,346,125,713,112,2437,246,104,953,17,2293,97,646,80,327,889,649,1529,1975,1833,7715,418,16255,1321,649,2855,2736,1562,1605,4259,246,850,5,28,592,297,255,165,584,4714,847,416,1778,3472,42,100,1174,344,369,566,424,3747,195,938,72,1676,760,9097,1215,969,4978,1159,809,272,1779,1948,2539,222,130,981,2265,3331,773,1968,13065,13057,11949,23198,12642,3257,876,1169,596,1927,4544,190,1795,226,1540,1414,1461,1400,3629,1690,224,534,742,1684,12671,8904,7911,1661,691,2578,3940,426,5,146,1520,1133,1581,166,1617,130,121,211,1796,752,1426,2061,172,1437,3748,1601,4521,5088,474,944,2703,75,3817,649,1387,1383,13,5761,7121,5182,4699,219,403,937,220,549,4,173,1795,7071,962,686,3293,632,208,83,2347,1224,296,1747,1281,2114,777,2160,1506,1978,2609,1494,384,10562,2568,103,1142,292,1087,1071,309,1372,1494,1642,732,1127,1043,3176,2711,1914,2083,873,1079,503,7950,1551,1,406,1431,1518,1183,24,449,278,190,1375,106,3081,32,2063,452,2060,2976,5204,64,2514,4535,1094,88,1866,1357,3867,727,860,1017,132,1875,3662,2047,1314,797,549,2864,2232,450,1798,1082,4,33,1126,47,1,61,439,898,351,448,7632,2062,7297,843,1648,88,155,1284,1,1,2,2836,10925,73,3585,1335,2821,1759,2114,1144,131,3575,3264,10,2350,818,500,65,129,269,2488,3990,44,6581,281,16375,229,972,3234,1193,364,514,1842,648,4066,2588,2203,1158,53,596,52,121,310,1569,287,1345,9618,1688,48,93,3838,8424,814,203,211,2838,1013,204,2057,1529,143,1012,309,5459,3765,930,526,3504,79,2082,515,1847,714,117,1965,902,964,1757,807,2931,1478,295,2599,552,198,3715,149,392,252,187,19145,1375,291,91,71,9419,877,7636,614,782,22049,6795,365,1880,2759,290,593,645,5279,2554,284,1279,15483,513,1533,4553,376,140,374,819,286,848,2499,205,4170,8417,416,78,1975,701,93,1151,252,5244,339,1531,1200,584,3083,623,62,10,1060,104,4067,256,6226,4552,902,22,863,679,78,332,281,1733,16700,1521,489,701,1,421,1098,980,390,1113,945,260,1155,1209,1698,1080,3227,1827,1447,141,3,696,835,1411,220,1086,1527,1006,386,464,1306,389,1076,138,35,1181,711,164,1781,738,169,638,710,1381,12,853,3691,1640,9,11889,2381,59,1513,242,733,552,83,6931,223,397,836,622,1581,483,4168,2387,6390,19,409,934,1005,1002,423,24,244,1,5,1640,1948,1247,1925,320,1543,545,1588,56,2255,4512,879,156,30,20,120,49,2,2,7161,2,1,3,88,9,1280,1559,1939,145,443,1010,1475,782,229,4663,80,116,28,178,1431,1294,3937,103,2145,143,210,241,1,441,1347,2393,5057,552,506,307,2589,2596,1986,422,6441,1005,587,26,411,3598,2730,1637,9303,92,1987,149,998,677,1,2646,365,6478,810,1590,2028,6250,4709,4127,4560,1115,6090,388,980,6336,1008,8948,3071,466,1336,2088,479,323,3145,236,5094,1566,322,4170,587,1443,1416,15170,6007,5070,3630,1884,809,909,2,4,3800,826,1487,92,123,295,1178,78,11748,69,55,1784,4028,363,809,1865,770,1642,197,1370,1061,295,204,195,87,63,1522,1600,164,77,177,740,617,12,653,2101,19844,216,134,889,155,727,1730,2345,3538,381,835,460,1406,29,1055,262,1865,603,1316,407,729,1455,386,142,4145,113,988,1174,1726,278,1919,1005,1098,280,359,194,16062,1045,262,1,532,80,1965,314,612,1066,702,1240,1934,227,847,81,166,14,84,1127,1264,999,2501,79,240,5983,234,1470,699,61,336,36038,52,537,4210,4515,1902,718,2846,55,2,669,205,2235,82,853,12432,539,201,700,3201,431,1708,115,956,319,570,5315,782,5931,9083,1035,1703,350,2114,173,101,138,326,302,178,6151,638,2,1180,173,514,9,1773,460,267,1695,6083,66,20,2671,662,759,59,2,9,16,31,45,3,20,3,22,18,46,4,2,1,4,28,4,62,11,27,47,23,7,27,62,21,8,12,9,6,20,4,3,3,2,45,6,6,1,5,7,37,3,1,14,106,26,48,11,117,4,51,7,10,135,3,66,27,1,3,5,20,23,1,25,26,12,36,5,45,102,4,1,1,159,8819,1020,2403,2809,2787,811,504,130,1400,1356,340,5559,979,869,595,447,1549,542,3274,736,156,28,426,343,2105,654,868,700,1452,853,7483,2937,6301,26,660,2141,23,4,2457,1625,57,915,147,329,983,10,1883,19,1449,4707,4272,67,628,7,2828,14388,609,424,15,215,712,626,22,476,2614,17163,1,142,1583,946,3678,78,23,27,6683,745,107,4966,2219,17267,2591,2684,226,654,458,886,28,69,592,2885,138,335,6550,1723,497,4932,104,876,869,1494,1100,111,163,5689,462,2220,6228,1215,353,2558,392,778,2298,1201,337,53,26,29,449,167,1,46,11,39,1055,105,3366,25,20,27,92,1688106
